2 0.7080078125 0.18359375 0.5849609375 0.205078125 0.595703125 0.2509765625 0.638671875 0.2763671875 0.7294921875 0.255859375 0.759765625 0.2158203125 0.7080078125 0.18359375
2 0.9228515625 0.181640625 0.7900390625 0.208984375 0.80078125 0.2490234375 0.8515625 0.2763671875 0.9599609375 0.25 0.978515625 0.2138671875 0.9228515625 0.181640625
2 0.5087890625 0.181640625 0.4130859375 0.197265625 0.423828125 0.2587890625 0.46484375 0.2763671875 0.5302734375 0.259765625 0.546875 0.2041015625 0.5087890625 0.181640625
2 0.3212890625 0.19140625 0.2001953125 0.216796875 0.21484375 0.2529296875 0.255859375 0.2783203125 0.3564453125 0.25390625 0.376953125 0.2236328125 0.3212890625 0.19140625
2 0.1201171875 0.1953125 0.0302734375 0.212890625 0.03515625 0.2509765625 0.083984375 0.2763671875 0.1455078125 0.26171875 0.1640625 0.2216796875 0.1201171875 0.1953125
2 0.9189453125 0.369140625 0.7822265625 0.400390625 0.8046875 0.4736328125 0.853515625 0.4990234375 0.9521484375 0.470703125 0.982421875 0.4013671875 0.9189453125 0.369140625
2 0.9228515625 0.595703125 0.7529296875 0.62109375 0.771484375 0.7138671875 0.830078125 0.7509765625 0.9619140625 0.71875 0.9921875 0.6279296875 0.9228515625 0.595703125
2 0.6533203125 0.607421875 0.5009765625 0.634765625 0.51171875 0.7099609375 0.578125 0.7509765625 0.7138671875 0.716796875 0.73828125 0.6435546875 0.6533203125 0.607421875
2 0.4130859375 0.619140625 0.2568359375 0.650390625 0.275390625 0.7158203125 0.33203125 0.7509765625 0.4580078125 0.71484375 0.482421875 0.6533203125 0.4130859375 0.619140625
2 0.1650390625 0.619140625 0.0166015625 0.650390625 0.03515625 0.7138671875 0.087890625 0.7509765625 0.2099609375 0.716796875 0.240234375 0.6533203125 0.1650390625 0.619140625
2 0.1630859375 0.39453125 0.01953125 0.4287109375 0.0517578125 0.48046875 0.095703125 0.4990234375 0.1962890625 0.470703125 0.224609375 0.4287109375 0.1630859375 0.39453125
2 0.4208984375 0.390625 0.27734375 0.4208984375 0.3212890625 0.4921875 0.361328125 0.4970703125 0.4541015625 0.470703125 0.48046875 0.4248046875 0.4208984375 0.390625
2 0.6787109375 0.38671875 0.5341796875 0.4140625 0.552734375 0.4716796875 0.603515625 0.4990234375 0.7041015625 0.474609375 0.732421875 0.4169921875 0.6787109375 0.38671875