2 0.7393094760835671 0.80160777406401 0.7119027669678001 0.7595544764597906 0.6227342408686429 0.732761315215982 0.5780990001178817 0.7550927414484174 0.5641812668963662 0.8001300355412166 0.685429731652584 0.8301453917887518 0.7393094760835671 0.80160777406401
2 0.9573903689651223 0.8188153699812011 0.9414013773377745 0.7814762656249981 0.8351062750059883 0.7476118145091648 0.7825413219997907 0.771346635576138 0.7690323181166195 0.8105388278119461 0.8996138899628117 0.8470805014803797 0.9573903689651223 0.8188153699812011
2 0.5261199832695327 0.7984474784848092 0.5134417900556638 0.7417609443847506 0.44932955244457184 0.7206356781784289 0.4071876514306004 0.735309878380991 0.3921799733068328 0.7959341107590999 0.48656002540210314 0.8181969615707029 0.5261199832695327 0.7984474784848092
2 0.3579744605446042 0.7671106548161821 0.3396283722932483 0.7354804092041888 0.24099049599133546 0.7041092978251452 0.19830362252623793 0.7265769671703622 0.18117037029730237 0.7615999386092799 0.3001979815422935 0.7953757863153609 0.3579744605446042 0.7671106548161821
2 0.1454661832944773 0.7542085228086629 0.12974967789269262 0.7129726838811324 0.06939793174014666 0.6940682711860375 0.01891758913239428 0.7159909680801284 0.011389930218995833 0.7536435223686173 0.09978863734449342 0.7774460111275394 0.1454661832944773 0.7542085228086629
2 0.9743664423634731 0.632044596783047 0.9490033799394284 0.5607657898938718 0.8525863571487424 0.5256341870562824 0.80210601454099 0.5475568839503734 0.7745906740265511 0.6190538613657757 0.9087964942185078 0.6597647558310997 0.9743664423634731 0.632044596783047
2 0.9999124798744452 0.4067152072099631 0.9760480916909969 0.314004360178487 0.8467813112695906 0.27265988985228473 0.7857416735568306 0.3055915748964505 0.7607606364859043 0.396844711394053 0.9284974298724885 0.43402663691967136 0.9999124798744452 0.4067152072099631
2 0.7477146776404135 0.3734166642630591 0.7284692032989233 0.2986498521409008 0.5954419314189708 0.2550845283034719 0.5263363383379931 0.29136797546783916 0.510374958424755 0.36563077884559414 0.6604402031275842 0.40353488364184276 0.7477146776404135 0.3734166642630591
2 0.4931597787823739 0.3458269800603646 0.47309684576419436 0.28275037165218875 0.3499476534253422 0.23791789609300357 0.2909926261110275 0.26903745696428716 0.26791899261904206 0.3330134514625976 0.4216084856676357 0.3750867770557366 0.4931597787823739 0.3458269800603646
2 0.25156223536007266 0.32893283407545926 0.22579044359768363 0.26349912904327516 0.10640174271737732 0.22088750699531667 0.05120720686160853 0.254227921377827 0.028269816482404602 0.3162555485904737 0.17416584038834332 0.3577839017324868 0.25156223536007266 0.32893283407545926
2 0.22030733910489103 0.551905127024535 0.1949852403875693 0.5080397052474334 0.09661985031121939 0.4727718592970625 0.05148727681236155 0.4882158784732842 0.015728774110200534 0.537599600182478 0.1565495151328077 0.581709896471033 0.22030733910489103 0.551905127024535
2 0.47527096730127527 0.5736497093702383 0.45216972209518025 0.5260237961345907 0.3614615580487037 0.49324928992100947 0.32117942091064366 0.49532722432314813 0.2723682833666855 0.5633771602122902 0.4134615106148557 0.6035907219295178 0.47527096730127527 0.5736497093702383
2 0.726065374700769 0.5990185400617059 0.7018332208856993 0.5395661799992946 0.6031953445837864 0.5081950686202511 0.5506303915775888 0.5319298896872243 0.5281017305367294 0.5881124150428798 0.6703735060969036 0.6254715473880024 0.726065374700769 0.5990185400617059