2 0.7597910751520368 0.22452084947959064 0.6348828361010499 0.22431196293685166 0.6374916456057262 0.27137846132152943 0.675398567981895 0.30384479080948096 0.7684002601314468 0.29941931982292636 0.8051664863303947 0.2652454679031747 0.7597910751520368 0.22452084947959064
2 1 0.2837004958173062 0.9717100224352591 0.25990462250761814 0.8361670503802451 0.26377031090765657 0.8397933296759387 0.30506645136452837 0.8850549060255097 0.3408128598831047 0.9963851417494961 0.3336694403417958 1 0.32890377888235306 1 0.2837004958173062
2 0.5639380622036418 0.18800342394240482 0.4669756299400995 0.1867723718299402 0.46687118666872995 0.24922649135543368 0.5042112827903199 0.27365985367597156 0.5715297773920345 0.26867225221354657 0.5975450878688143 0.21673668297393905 0.5639380622036418 0.18800342394240482
2 0.37759082552882417 0.16506165384286522 0.25392772592642765 0.169038829182336 0.26207922370133657 0.2071663775480153 0.2980626934349035 0.2392935504389611 0.4013599619914764 0.23271695715223126 0.4268131419923858 0.2064645854604609 0.37759082552882417 0.16506165384286522
2 0.1787968901468099 0.13397542963647968 0.08726565921406786 0.13568529995763406 0.08546073717896119 0.17404051798088688 0.12913801748293602 0.20752431725985554 0.1922704502024409 0.20378185524602105 0.21749596054577697 0.16757306374423503 0.1787968901468099 0.13397542963647968
2 0.9353040838375059 0.44387776300339576 0.7952358933032764 0.45091204349462666 0.8046372263054845 0.5269418184577662 0.8483145066094593 0.5604256177367349 0.9503666357174415 0.5496629625677955 0.9922202108714753 0.4866373210090142 0.9353040838375059 0.44387776300339576
2 0.8998088238700458 0.6676765827392355 0.7280594082026002 0.6631748431535632 0.7302222699495469 0.7577608313487112 0.7814818738844973 0.8044811294683203 0.9169110111107246 0.7956372311632741 0.9624953088318213 0.7114536105358712 0.8998088238700458 0.6676765827392355
2 0.6323374196089397 0.6324136882080575 0.4775599211279061 0.6328878106380387 0.4750813816774965 0.708806098661746 0.5333564829888433 0.7607299284545819 0.6729716820972802 0.7506408907009453 0.7097332125175195 0.6827508740659429 0.6323374196089397 0.6324136882080575
2 0.3937178049868633 0.6022381426319654 0.2344150880266142 0.605880857153139 0.24132614213164114 0.6735385083518594 0.2910014500209952 0.7179961972318608 0.4213385425134281 0.7042879238505935 0.456065133351633 0.6479386230712031 0.3937178049868633 0.6022381426319654
2 0.2175570056689889 0.6058832050424934 0.14943931937641322 0.5591652548122386 0 0.5640930530570193 0 0.5838352052232341 0.005080623688604758 0.6298987942775535 0.05056986969574917 0.6756016226061454 0.17672090030597237 0.6631384886734686 0.2175570056689889 0.6058832050424934
2 0.18651887538946943 0.33762904431600643 0.039209865710624556 0.3463614556816202 0.061959184492905404 0.4029290345611668 0.10201488127989533 0.42883285809851424 0.20599046303047971 0.41840935952658054 0.2411723931838313 0.38197289836722115 0.18651887538946943 0.33762904431600643
2 0.4410929374069408 0.378550809835558 0.2944622409221073 0.38343631591596783 0.32536070958994273 0.46127336080356846 0.3639435972707688 0.4730347026486907 0.4598862118539396 0.46317803033133603 0.4938230025587006 0.42255550728976693 0.4410929374069408 0.378550809835558
2 0.695666999424412 0.4194725753551095 0.5485833115137863 0.42130332417311356 0.5568509920068362 0.4812671648014259 0.6021125683564071 0.5170135733200023 0.7054098369129801 0.5104369800332724 0.7433050198423775 0.4586128977330974 0.695666999424412 0.4194725753551095