5 0.6010637276349704 0.47124673083741386 0.5674298060024594 0.49691572974440784 0.3731881485653089 0.5453676635795197 0.6774337127149832 0.525194929583833 0.6710936129999283 0.47421546122797115 0.6010637276349704 0.47124673083741386
5 0.7146573952381639 0.8606695094190837 0.7044324443693266 0.8100983553728611 0.6438078933501611 0.8031898936691617 0.6101739717176501 0.8288588925761557 0.4443525462596639 0.8580921900468207 0.4123542566653807 0.8806380862599511 0.7146573952381639 0.8606695094190837
5 0.695534531496123 0.6974127163874343 0.684695993549959 0.6410036712631235 0.626320661646348 0.6368099979436486 0.589108682398718 0.6658062566993259 0.414188716133603 0.7018982310221773 0.3919025544237755 0.7234233414612092 0.695534531496123 0.6974127163874343
5 0.6837792139418306 0.7443917080585846 0.4934215074064971 0.7643991092309089 0.4341257948868959 0.7514485992943015 0.3977316316583798 0.7788833067030471 0.40570736341166247 0.8267396723650451 0.6983991381929353 0.7620378325560436 0.6837792139418306 0.7443917080585846
5 0.4143893440675283 0.5823539151845639 0.37963081287724 0.6066655198994457 0.38791333816918605 0.6574408311004877 0.6793779387958052 0.58106320913531 0.6689496592371464 0.5659277158672558 0.4143893440675283 0.5823539151845639
5 0.31010114696914726 0.2627816723851326 0.33709717786759447 0.46357644311471596 0.34916108946448104 0.47558883368890637 0.32533375804561315 0.25822946960753146 0.33351011773282113 0.18654151943191608 0.32113851234530566 0.14357396496553337 0.29210379303684914 0.1289184918987437 0.2848478139656313 0.20936327869149118 0.31010114696914726 0.2627816723851326
5 0.19191998031744997 0.27815420436817445 0.21257681175280774 0.4560057250950444 0.23067312927412037 0.4880424201329041 0.20715259139391584 0.2736020015905733 0.21410177692647028 0.19023826925878162 0.202650552154945 0.15602755140953112 0.1755582584233796 0.14116792118792185 0.16635985377527063 0.22181686513548898 0.19191998031744997 0.27815420436817445
5 0.3674589351716845 0.41611743124230116 0.3852493594062992 0.4732713990942652 0.4067186053489782 0.48134405835531335 0.41612123893887426 0.3932956719827261 0.39342391858957626 0.3455110122123532 0.37409592565378286 0.16161744325257557 0.35651063061292076 0.1251002513287398 0.37788451397444706 0.3471442694509103 0.3674589351716845 0.41611743124230116
5 0.2543897938284231 0.4427574310718801 0.2706462503697208 0.4853166712286237 0.2898662771968453 0.49067454210544736 0.3018249234409593 0.40825988965612875 0.2718680230125817 0.3287751432659102 0.25223323653812496 0.14196262876708837 0.23771587688389667 0.13463489223369357 0.26113385016722496 0.33875692281196024 0.2543897938284231 0.4427574310718801
5 0.3961778584218233 0.14749177523856347 0.4000645100795365 0.20315589763522088 0.4230686239674979 0.2538595029446379 0.4442373781352716 0.45526674513868015 0.45763012823172255 0.46123708747996267 0.4372791900830627 0.25826829393898854 0.44433003996052794 0.1571867312181127 0.42838037695789366 0.11754643660041326 0.41222738526543756 0.11334180276088231 0.3961778584218233 0.14749177523856347
5 0.04981251865787024 0.17799385771837056 0.0536991703155834 0.23365798011502786 0.07639649066488144 0.28144263988540075 0.09817883190998192 0.48868777315753115 0.11218516908375968 0.500496006576902 0.09183423093509988 0.29752721303592783 0.10205468054410985 0.20791727531640875 0.08743385604103984 0.16223493246580137 0.06422641346325678 0.14696698793455285 0.04981251865787024 0.17799385771837056
5 0.14489510909241882 0.3539252976401825 0.13784425921495355 0.45500686036105825 0.1492954839864788 0.48921757821030887 0.1710715234678212 0.5002091830104011 0.18333876375452948 0.4767859128064232 0.1818029955572817 0.4061187484049061 0.1587988816693203 0.35541514309548916 0.13701654042421982 0.14817000982335865 0.12249918076999156 0.14084227328996385 0.14489510909241882 0.3539252976401825
5 0.9445797649855237 0.8527352441925192 0.8946749827802678 0.38726550929239634 0.8731031722407124 0.368874462067284 0.9025553519523977 0.6490932338155168 0.892743360226962 0.7239042866849958 0.9126813392322204 0.8014908733102686 0.9445797649855237 0.8527352441925192