5 0.5650826483153801 0.48209635934243045 0.6050025655433934 0.4961155746477791 0.6706875562127397 0.4716517195728148 0.6609638272745426 0.4212081654377261 0.3653753833084271 0.496039805105082 0.5650826483153801 0.48209635934243045
5 0.3364195542276093 0.17663009812102612 0.5031586871708317 0.15319097767530052 0.5430786043988449 0.16721019298064918 0.5986011466216586 0.14190583891849706 0.592698306748828 0.09065012974115158 0.29902030731539575 0.16507569188737908 0.3364195542276093 0.17663009812102612
5 0.3559986347871179 0.3345005167817435 0.5335104419599894 0.3147727819160355 0.5778614740364856 0.33085072877195737 0.6320837975097326 0.3088233388237636 0.6249605060706689 0.25182585646075817 0.3281516105383205 0.3209157229424541 0.3559986347871179 0.3345005167817435
5 0.30935426203670946 0.21839013261529763 0.3165573206591069 0.2663688776786847 0.35964801757770315 0.28121441999875574 0.4120396637016007 0.2505743702720721 0.5992632279045558 0.21077877320148533 0.6077146497767394 0.18947850646075576 0.30935426203670946 0.21839013261529763
5 0.3525606418629806 0.43575118665565266 0.39313066846577716 0.4481319199040222 0.640307889740029 0.38509070032185644 0.6455486483299626 0.3674734752162137 0.3447473574574666 0.3849015549994356 0.3525606418629806 0.43575118665565266
5 0.3640871364669741 0.5698281855590079 0.3563257075612407 0.5849806015929493 0.39269995299822974 0.7842900090616023 0.38518979755061117 0.842897629536656 0.4169494499562224 0.9171629473740375 0.44003431871508836 0.8942525425212597 0.43852271009907373 0.8495649335442964 0.4085937350428119 0.7839122754854045 0.3640871364669741 0.5698281855590079
5 0.24755001997329806 0.5945989143478425 0.24023928248401374 0.6306596915738505 0.2755526107214371 0.8061898512576068 0.26865268105693507 0.8676683583254906 0.30232277799522955 0.9415275986417436 0.3234972022214123 0.9190232713100943 0.32381627095474713 0.882948322111621 0.29144639276601936 0.8058121176814094 0.24755001997329806 0.5945989143478425
5 0.41704912478232137 0.5465683910749635 0.3991252474300553 0.5608803081217169 0.39986709589628605 0.6207345051050869 0.43109628970211455 0.6831101990500202 0.47938389375165197 0.9008915025839693 0.48482407029992 0.8607274342292804 0.44637984596358027 0.6798615788809926 0.4532000084447486 0.6274018091127272 0.41704912478232137 0.5465683910749635
5 0.30303267860444494 0.5738039289354995 0.2864090200017457 0.5848388818682946 0.284099739552394 0.6303386458875149 0.3226516427556204 0.7271649789464077 0.3634570030410924 0.9285331179656338 0.3749994374205254 0.9170779155392449 0.33594498730106925 0.733341173598127 0.3398735552333225 0.648489496266475 0.30303267860444494 0.5738039289354995
5 0.47168225608035064 0.5499587309686454 0.460789931075701 0.5597754513380553 0.5028955101107397 0.7578666262433229 0.4966855734126877 0.8131972826044184 0.5101903078245845 0.8673380503470594 0.5360072367656981 0.8948570276569043 0.5500703414609309 0.885866634302217 0.5529898476933992 0.8432377568758269 0.5150481702732892 0.749282310409764 0.47168225608035064 0.5499587309686454
5 0.131012903479622 0.6193696431366772 0.12134103004120533 0.634928136691747 0.164667060642477 0.8387610847826746 0.15784689816130862 0.8912208545509399 0.1713516325732054 0.9453616222935807 0.19464789119851936 0.9704157905317246 0.21200142635933572 0.948723618242332 0.2117900364928877 0.9007590451514103 0.17437881767256053 0.8186932225777956 0.131012903479622 0.6193696431366772
5 0.20601081526238327 0.6199316123549256 0.18710578789388538 0.6014455443171641 0.16979213632473591 0.6186283479567475 0.16947306759140107 0.654703297155221 0.20741474501151108 0.7486587436212839 0.2519612271790158 0.9582334648978715 0.2635036615584488 0.9467782624714826 0.22017763095717707 0.7429453143805548 0.226387567655229 0.6876146580194595 0.20601081526238327 0.6199316123549256
5 0.8043309022764431 0.16568999638376347 0.8367805476485046 0.23380746351435677 0.8953622228276888 0.5094125764260335 0.9101950876727054 0.4852555950649394 0.8138192975319647 0.027146144747995527 0.7993174733283968 0.08573959325058374 0.8043309022764431 0.16568999638376347