5 0.326171875 0.45639621755464477 0.3271484375 0.5077591359289617 0.396484375 0.5180317196038251 0.4326171875 0.49601904030054644 0.630859375 0.4681363131830601 0.326171875 0.45639621755464477
5 0.626953125 0.13060856386612021 0.32421875 0.11886846823770492 0.3291015625 0.17023138661202186 0.388671875 0.18343899419398907 0.4248046875 0.16142631489071038 0.5927734375 0.14968621926229508 0.626953125 0.13060856386612021
5 0.630859375 0.2890998548497268 0.326171875 0.28322980703551914 0.3310546875 0.3404627732240437 0.388671875 0.3507353568989071 0.4287109375 0.3257876536885246 0.6064453125 0.3081775102459016 0.630859375 0.2890998548497268
5 0.330078125 0.218659281079235 0.3427734375 0.23773693647540983 0.5341796875 0.23773693647540983 0.591796875 0.2568145918715847 0.630859375 0.2333344006147541 0.6279296875 0.18490650614754098 0.330078125 0.218659281079235
5 0.330078125 0.4006307633196721 0.3388671875 0.4167733948087432 0.59375 0.42704597848360654 0.630859375 0.40650081113387976 0.6279296875 0.35513789275956287 0.330078125 0.4006307633196721
5 0.658203125 0.553252006489071 0.6474609375 0.5400443989071039 0.6484375 0.7587036799863387 0.6328125 0.8291442537568307 0.640625 0.873169612363388 0.66796875 0.8907797558060109 0.68359375 0.8115341103142077 0.6640625 0.7557686560792349 0.658203125 0.553252006489071
5 0.78125 0.5737971738387978 0.7666015625 0.5400443989071039 0.767578125 0.7557686560792349 0.751953125 0.837949325478142 0.759765625 0.873169612363388 0.78515625 0.8907797558060109 0.802734375 0.8115341103142077 0.783203125 0.7528336321721312 0.78125 0.5737971738387978
5 0.611328125 0.5385768869535519 0.5908203125 0.5283043032786885 0.572265625 0.6148875085382514 0.58984375 0.6647829149590164 0.58984375 0.8496894211065573 0.603515625 0.8878447318989071 0.60546875 0.6647829149590164 0.623046875 0.5972773650956283 0.611328125 0.5385768869535519
5 0.7265625 0.5385768869535519 0.7080078125 0.5312393271857923 0.6875 0.6119524846311475 0.708984375 0.6941331540300546 0.708984375 0.8819746840846994 0.72265625 0.8907797558060109 0.720703125 0.6853280823087432 0.73828125 0.5826022455601093 0.7265625 0.5385768869535519
5 0.55078125 0.7528336321721312 0.55078125 0.5503169825819672 0.5380859375 0.5429794228142076 0.537109375 0.7469635843579235 0.51953125 0.8467543971994536 0.53125 0.8878447318989071 0.546875 0.8937147797131146 0.56640625 0.8614295167349727 0.568359375 0.8056640625 0.55078125 0.7528336321721312
5 0.8984375 0.7616387038934426 0.8984375 0.553252006489071 0.8857421875 0.5400443989071039 0.884765625 0.7440285604508197 0.865234375 0.8320792776639344 0.875 0.8790396601775956 0.896484375 0.8966498036202186 0.9140625 0.8672995645491802 0.916015625 0.8115341103142077 0.8984375 0.7616387038934426
5 0.84765625 0.5473819586748634 0.8271484375 0.5341743510928961 0.8125 0.5561870303961748 0.806640625 0.6266276041666666 0.82421875 0.6794580344945355 0.82421875 0.8878447318989071 0.837890625 0.8966498036202186 0.837890625 0.6823930584016393 0.85546875 0.5826022455601093 0.84765625 0.5473819586748634
5 0.12109375 0.15702377903005466 0.0947265625 0.10272583674863386 0.095703125 0.5708621499316939 0.115234375 0.5914073172814207 0.115234375 0.30964502219945356 0.1328125 0.2362694245218579 0.12109375 0.15702377903005466