5 0.24886785614894621 1 0.2649264563968713 1 0.24446935504941059 0.6536318320346208 0.2713437563396305 0.5899665811661389 0.27175996330301533 0.5399202312221175 0.24357160486294357 0.444799052362177 0.20209454862098034 0.42563297865134836 0.17332464755641439 0.47619091656251145 0.1740311270790798 0.5702916246650129 0.21873110649955368 0.6495472438280204 0.24886785614894621 1
5 0.32023747601786867 0.7571946735333249 0.5129018985049266 0.4745117940177714 0.5743317020782296 0.4290255305866634 0.6164364353288484 0.3451710300730694 0.6083392273726003 0.3133731417112349 0.5814254248253754 0.27847775141625475 0.5127106278411251 0.3597797224478291 0.4972688258354556 0.4329431963733426 0.3071141138770864 0.7375170118553547 0.32023747601786867 0.7571946735333249
5 0.23199386929875293 0.36322730028188416 0.2094391426704017 0.32067161636400043 0.09270244119168788 0.23321343630380803 0 0.12726290152168024 0 0.174751729439713 0.08864710408640747 0.27321659073967197 0.1628234640941127 0.39601498009401775 0.20101799651909133 0.42423716303954917 0.23199386929875293 0.36322730028188416
5 0.22606996492775183 0.16651474729330454 0.17690517456576899 0.12140653389340117 0.11733820263696351 0.02553737050158471 0.09785452978032629 0.026899801629399624 0.23231107436665882 0.28376596386128217 0.28378083833921625 0.34783723889126417 0.2678968943674696 0.2606822243637744 0.22606996492775183 0.16651474729330454
5 0.38530740723900025 0.2877783727462251 0.3587569441438426 0.21608018857732395 0.338784994936967 0.014465588705454913 0.3199684003459903 0.011368086772309206 0.34807022563896267 0.399243314786256 0.37410547987525644 0.49157286242259807 0.3896001493922435 0.40516583242698434 0.38530740723900025 0.2877783727462251
5 0.8262718264288795 0.5320379892805527 0.8776954560172756 0.5534507217638538 1 0.7746101650726721 1 0.7301004393677276 0.8955412335289987 0.5286652959449996 0.8956537016787903 0.4462760851880178 0.8810971811112083 0.4061033031553881 0.8369585449337595 0.34887486307162063 0.7977864623023708 0.34867185099087056 0.7785536607480092 0.39562069900174623 0.8032547584529821 0.49687011276000953 0.8262718264288795 0.5320379892805527
5 0.3625678774782989 1 0.38286928764428585 1 0.49057111067022563 0.7011509214500733 0.4922686066536138 0.655428261454231 0.3586626803636538 0.9987095692122608 0.3625678774782989 1
5 0.662603238811904 0.16541127650683024 0.6190326790046365 0.07430791688552159 0.6026788890881668 0 0.5804352427136712 0 0.6321358417639498 0.26169187441383557 0.6683224062647908 0.3591959551590299 0.6774567650659229 0.2938290179692016 0.662603238811904 0.16541127650683024
5 0.4544057430567869 0.0019673119903861115 0.46521066533268185 0.11448610927184019 0.4909950482667 0.16122924002512146 0.517809848918446 0.1667096438435211 0.5500141432067931 0.12326702710413553 0.5435682968497717 0.0030879361997778964 0.4544057430567869 0.0019673119903861115
5 0.7052318304631909 0 0.7462772970728084 0.18603993479742656 0.8003096390853723 0.25875858972376675 0.8391779829031678 0.22661874099155632 0.823188303908786 0.16595083860426732 0.7301394707596561 0 0.7052318304631909 0
5 0.7135904620554461 0.4045766547844963 0.6855405067678583 0.43743110356459847 0.6487127990040491 0.5547517942773892 0.6510571738716286 0.6722754970709299 0.6004649607040692 0.9847432975637351 0.6184097401112713 0.9893728582214617 0.7091189179867808 0.49462615916438163 0.7135904620554461 0.4045766547844963
5 0.5748526465583167 0.7864653013665907 0.5416842683178722 0.7461228917371951 0.499791005112524 0.7770031679703878 0.485835229044972 0.8574182061804603 0.5246833734812985 0.9929846532985935 0.5482685178273774 0.9942776102815956 0.5868398559587359 0.8738928021196433 0.5748526465583167 0.7864653013665907
5 0.7861942629779344 0.8128775290082894 0.7526423459039536 0.9770442091031587 0.7762274902500325 0.9783371660861606 0.8108030919145847 0.8288098576731908 0.8443415427342528 0.7764473748118841 0.8690695729478511 0.6540883941030226 0.8667645993372763 0.635125332472944 0.8361059316255208 0.616673858810007 0.8271830428696593 0.629066571719434 0.8259546213609736 0.6114993257011546 0.774821264331858 0.7342336512643765 0.7861942629779344 0.8128775290082894
5 0.0356441822856381 0.5932084417425993 0.007798963916164507 0.6289907648590815 0.0123031761146784 0.6934040002594394 0.0520894695004099 0.7023906353493291 0.12941668329977216 0.6322551892121483 0.11019734799972328 0.5673998399894618 0.0356441822856381 0.5932084417425993
5 0.15880653073990417 0.9685520085574932 0.17829693672369773 0.911287478812897 0.1649755707919576 0.8327798441817654 0.14462681587870202 0.7797722354173798 0.09591763373710901 0.7831783132369173 0.10682155790848288 0.925112096994952 0.13002800566098097 1 0.16100558852350547 1 0.15880653073990417 0.9685520085574932