5 0.26953125 0.5239017674180328 0.248046875 0.42704597848360654 0.2080078125 0.4050332991803279 0.17578125 0.453461193647541 0.169921875 0.5473819586748634 0.208984375 0.6295626280737705 0.21484375 0.9964406164617486 0.23046875 0.9964406164617486 0.234375 0.6354326758879781 0.265625 0.5737971738387978 0.26953125 0.5239017674180328
5 0.626953125 0.35367038080601093 0.62109375 0.3213851178278688 0.5966796875 0.284697318989071 0.5224609375 0.36100794057377045 0.501953125 0.4329160262978142 0.291015625 0.7234833931010929 0.302734375 0.7440285604508197 0.5146484375 0.47547387295081966 0.5791015625 0.4343835382513661 0.626953125 0.35367038080601093
5 0.1123046875 0.20545167349726773 0.0009765625 0.0587004781420765 0 0.11006339651639344 0.10546875 0.24507449624316938 0.1708984375 0.3727480362021858 0.20703125 0.403565787226776 0.2421875 0.3448653090846995 0.22265625 0.30083995047814205 0.1123046875 0.20545167349726773
5 0.2041015625 0.09979081284153005 0.1513671875 0 0.1318359375 0 0.248046875 0.2656196635928961 0.294921875 0.33312521345628415 0.28515625 0.24507449624316938 0.25 0.14821870730874315 0.2041015625 0.09979081284153005
5 0.37890625 0.20691918545081966 0.373046875 0.004402535860655738 0.3544921875 0 0.35546875 0.3888906676912568 0.375 0.48281143271857924 0.396484375 0.3976957394125683 0.400390625 0.28029478312841527 0.37890625 0.20691918545081966
5 0.8984375 0.4740063609972678 0.88671875 0.4329160262978142 0.8466796875 0.3727480362021858 0.8076171875 0.36981301229508196 0.78515625 0.4153058828551912 0.802734375 0.5180317196038251 0.8232421875 0.5547195184426229 0.873046875 0.5796672216530054 1 0.8526244450136613 0.998046875 0.7997940146857923 0.892578125 0.5561870303961748 0.8984375 0.4740063609972678
5 0.32421875 0.9876355447404371 0.345703125 0.9964406164617486 0.4765625 0.7000032018442622 0.4814453125 0.6545103312841529 0.32421875 0.9876355447404371
5 0.6484375 0.08364818135245902 0.63671875 0.004402535860655738 0.6142578125 0 0.6484375 0.2714897114071038 0.677734375 0.37128052424863384 0.69140625 0.3067099982923497 0.685546875 0.17756894637978143 0.6484375 0.08364818135245902
5 0.4892578125 0 0.4921875 0.11299842042349725 0.5146484375 0.16142631489071038 0.541015625 0.16876387465846993 0.576171875 0.12767353995901637 0.578125 0.007337559767759562 0.4892578125 0
5 0.759765625 0.007337559767759562 0.7373046875 0 0.767578125 0.20398416154371585 0.81640625 0.28029478312841527 0.857421875 0.25094454405737704 0.845703125 0.1893090420081967 0.759765625 0.007337559767759562
5 0.689453125 0.45052616974043713 0.64453125 0.5649921021174864 0.638671875 0.6823930584016393 0.56640625 0.9905705686475409 0.583984375 0.9964406164617486 0.708984375 0.5092266478825136 0.7197265625 0.41970841871584696 0.689453125 0.45052616974043713
5 0.5244140625 0.7484310963114754 0.48046875 0.7763138234289617 0.4609375 0.8555594689207651 0.490234375 0.9935055925546449 0.513671875 0.9964406164617486 0.560546875 0.8790396601775956 0.5546875 0.7909889429644809 0.5244140625 0.7484310963114754
5 0.857421875 0.6794580344945355 0.8564453125 0.6603803790983607 0.8271484375 0.6398352117486339 0.8173828125 0.6515753073770492 0.8173828125 0.6339651639344261 0.7578125 0.7528336321721312 0.763671875 0.8320792776639344 0.71875 0.9935055925546449 0.7421875 0.9964406164617486 0.787109375 0.8496894211065573 0.82421875 0.7997940146857923 0.857421875 0.6794580344945355
5 0.0302734375 0.5605895662568305 0 0.5943423411885246 0 0.6589128671448087 0.0390625 0.6706529627732241 0.12109375 0.6060824368169399 0.1064453125 0.5400443989071039 0.0302734375 0.5605895662568305
5 0.142578125 0.8085990864071038 0.1259765625 0.754301144125683 0.0771484375 0.754301144125683 0.078125 0.8966498036202186 0.1015625 0.9964406164617486 0.126953125 0.9964406164617486 0.126953125 0.9436101861338798 0.150390625 0.8878447318989071 0.142578125 0.8085990864071038