5 0.2062230972675943 0.9913883433781656 0.22184571750441293 0.9916610372287483 0.23205182986959766 0.6307762533755541 0.26437275817596323 0.5696955264130392 0.26914920814737653 0.5198758927669915 0.24935847191603827 0.4226599013938005 0.20970968178516497 0.3999517967360828 0.17664284424958293 0.4478098843335762 0.1691452182966185 0.541614084579501 0.20676751844502728 0.624463972090864 0.2062230972675943 0.9913883433781656
5 0.2985055338908721 0.7405486338554794 0.5150742464096122 0.4757332588836854 0.5802346801083078 0.4357740445748851 0.6294875934121376 0.3559083050517609 0.6241925663547597 0.3235256990815791 0.6004225126113547 0.28641740383071046 0.5248832625030884 0.36142110714785664 0.5031236043040809 0.4329603302432604 0.2871471313241676 0.7198020752463158 0.2985055338908721 0.7405486338554794
5 0.24493423977086906 0.34038948831492544 0.22617431292679457 0.2960299676704973 0.1175043124834855 0.1987303184664913 0.008754304802648924 0.05005853034375729 0.006881484510574151 0.10139658253116254 0.10997790252312345 0.23822780290494144 0.1731694142541499 0.36702380306473587 0.20875887963542877 0.398467464926048 0.24493423977086906 0.34038948831492544
5 0.256177506307983 0.1439091836941901 0.21113124265947197 0.09468762684378387 0.16318864888224582 0 0.14326500463425382 0 0.2521757495731839 0.2612581725127339 0.2978654759906515 0.3295715225056549 0.2896380352465375 0.24136378218664079 0.256177506307983 0.1439091836941901
5 0.39828559646711426 0.39590472408686816 0.4042401807315158 0.27858982199964716 0.3840396586591382 0.20485044573642947 0.3817155789492957 0.002262380218941118 0.37287083008066013 0 0.3632037423937667 0 0.3574298880358552 0.3863851720628489 0.37531901996772105 0.4806324998159705 0.39828559646711426 0.39590472408686816
5 0.822237968873272 0.5603525384288508 0.871599673422027 0.5861656536319293 0.9937697024440956 0.8612969418213525 0.9927388930568318 0.8084404710925897 0.8915377345590896 0.5630299058351842 0.8988304675915343 0.480964013144246 0.8878306276357394 0.4396754163138558 0.848847739496555 0.3788178121024314 0.8098424121346384 0.37520150058722834 0.7865909354771978 0.4202954449525892 0.8023735701890716 0.5233124166406278 0.822237968873272 0.5603525384288508
5 0.4730755324774279 0.6995636996120103 0.47875156136844754 0.6541629746647439 0.31573510861571435 0.9844934696660037 0.3370625417509502 0.9936721543767947 0.4730755324774279 0.6995636996120103
5 0.6911458131080026 0.1808562936666455 0.6556812334097158 0.08630218533161856 0.6453472954456098 0.0068640889475217294 0.6229666137003779 0.002070226204189307 0.652402946681401 0.2741151062114052 0.6799537698010186 0.37440202139863415 0.6947504735710932 0.3100799369654672 0.6911458131080026 0.1808562936666455
5 0.4990970403048182 0 0.4979865944917875 0 0.4989427987402305 0.11292101571325971 0.5205551320335136 0.16173353178779215 0.5467902456078202 0.1695301448825169 0.5826582663624811 0.12905962960387427 0.58671124632741 0.008776063896583874 0.4990970403048182 0
5 0.7683242065804264 0.011946129909606019 0.7459947480653245 0.0042176902775269195 0.772703560280131 0.20869912838092394 0.8201924445368114 0.2858502957714077 0.8617140549597595 0.2572203482417202 0.8510727776148739 0.19538971319010331 0.7683242065804264 0.011946129909606019
5 0.721094378390325 0.4235554047863947 0.6902877077651247 0.45384011778273103 0.6433749686092044 0.5675046216234263 0.6354675568152006 0.6847854369793243 0.5578344990562729 0.99165480123878 0.575307500362434 0.9978307355981787 0.7087915184585496 0.5128725228708925 0.721094378390325 0.4235554047863947
5 0.5496007135274935 0.7918990524160697 0.5200746236555412 0.7488193431937393 0.4756493835532547 0.7759308721820692 0.4547380810437236 0.8548235808650011 0.4816230021716522 0.9932599956059367 0.5050057092967503 0.9966036132705571 0.5539224992124029 0.8800386192724382 0.5496007135274935 0.7918990524160697
5 0.7578361339731237 0.8366304091100647 0.7101038231351244 0.9972481431707066 0.7293482071358511 1 0.7336790314187086 1 0.780962724947572 0.8546469112184185 0.8189372429222248 0.8054067520048587 0.8542354633607913 0.6856685739987334 0.8535920005918344 0.6665767808562187 0.8246581502587089 0.6455234416651499 0.8146891196901777 0.6570913155635222 0.8149964590709571 0.6394838542310423 0.7533606785978245 0.7572945729199363 0.7578361339731237 0.8366304091100647
5 0.029287545394467478 0.5523824792892794 0 0.583911250016232 0 0.6510247167813991 0.03615439814780598 0.6625825029082322 0.11930006545396195 0.5994534540713639 0.1058063816598677 0.5331698235896428 0.029287545394467478 0.5523824792892794
5 0.11926787657782814 0.9370320564711989 0.14367504830552452 0.8816841363608863 0.13724676540062303 0.8023142134394348 0.12159536115640679 0.7477348037813775 0.0727746729163486 0.746882635498307 0.07126676001984868 0.8892266579681818 0.09295910055065935 0.9894113129614421 0.11834585843548959 0.9898544404686389 0.11926787657782814 0.9370320564711989