5 0.830078125 0.1318359375 0.822265625 0.0849609375 0.7958984375 0.0546875 0.76171875 0.0712890625 0.7421875 0.1357421875 0.7734375 0.1806640625 0.763671875 0.3193359375 0.78125 0.3291015625 0.794921875 0.3251953125 0.796875 0.1787109375 0.830078125 0.1318359375
5 0.4521484375 0.1171875 0.4111328125 0.123046875 0.404296875 0.1630859375 0.43359375 0.2177734375 0.4951171875 0.25 0.681640625 0.4404296875 0.517578125 0.2392578125 0.49609375 0.1513671875 0.4521484375 0.1171875
5 0.734375 0.1162109375 0.7021484375 0.06640625 0.6708984375 0.05859375 0.64453125 0.0908203125 0.642578125 0.1357421875 0.689453125 0.1923828125 0.751953125 0.4033203125 0.7578125 0.3408203125 0.71484375 0.1806640625 0.734375 0.1162109375
5 0.62890625 0.1318359375 0.5849609375 0.08984375 0.5400390625 0.09375 0.5234375 0.1220703125 0.537109375 0.1787109375 0.603515625 0.2158203125 0.677734375 0.3740234375 0.716796875 0.4130859375 0.712890625 0.3623046875 0.623046875 0.1943359375 0.62890625 0.1318359375
5 0.416015625 0.2626953125 0.412109375 0.2236328125 0.3798828125 0.18359375 0.3251953125 0.15625 0.287109375 0.1669921875 0.291015625 0.2099609375 0.3291015625 0.26171875 0.4072265625 0.2890625 0.6103515625 0.453125 0.638671875 0.4580078125 0.65234375 0.4443359375 0.6435546875 0.423828125 0.416015625 0.2626953125
5 0.2958984375 0.66015625 0.1416015625 0.544921875 0.1015625 0.5849609375 0.1962890625 0.681640625 0.2802734375 0.6875 0.53515625 0.8447265625 0.5546875 0.8310546875 0.5498046875 0.8046875 0.2958984375 0.66015625
5 0.212890625 0.7822265625 0.2626953125 0.775390625 0.5439453125 0.90234375 0.546875 0.8818359375 0.5224609375 0.861328125 0.3076171875 0.763671875 0.1298828125 0.65625 0.111328125 0.6728515625 0.095703125 0.7080078125 0.12109375 0.7373046875 0.095703125 0.7822265625 0.1669921875 0.84375 0.2685546875 0.857421875 0.56640625 0.9716796875 0.5673828125 0.95703125 0.2607421875 0.8203125 0.212890625 0.7822265625
5 0.912109375 0.1826171875 0.916015625 0.1298828125 0.8974609375 0.111328125 0.8720703125 0.115234375 0.841796875 0.1552734375 0.8515625 0.2099609375 0.80859375 0.3330078125 0.828125 0.3193359375 0.8671875 0.2177734375 0.912109375 0.1826171875
5 0.09375 0.2158203125 0.1513671875 0.275390625 0.2373046875 0.30859375 0.43359375 0.4423828125 0.1572265625 0.212890625 0.083984375 0.1826171875 0.09375 0.2158203125
5 0.0625 0.2294921875 0.1123046875 0.306640625 0.3984375 0.4912109375 0.3984375 0.4716796875 0.3525390625 0.4296875 0.0625 0.2294921875
5 0.0537109375 0.279296875 0.033203125 0.2802734375 0.0830078125 0.345703125 0.40625 0.5361328125 0.41015625 0.5185546875 0.3837890625 0.4921875 0.0537109375 0.279296875
5 0 0.2958984375 0.001953125 0.3291015625 0.0498046875 0.37890625 0.38671875 0.5947265625 0.408203125 0.5810546875 0.3994140625 0.552734375 0 0.2958984375