5 0.666865551491859 0.9737569627551761 0.6968466718842236 0.9971020979027309 0.7289318746529376 0.972972254181375 0.746319513290753 0.9287458954814916 0.7235878167422208 0.875991908837911 0.7521331862941703 0.7323024913655416 0.7395722296076447 0.725639059652276 0.7203478412078536 0.7315365846255362 0.7010685598711507 0.8692085340516865 0.6611616643622653 0.9066515179653456 0.666865551491859 0.9737569627551761
5 0.33470181218512557 0.8502392675965165 0.3736029148080877 0.8644982291382632 0.4236942734132077 0.8402021940416968 0.46298265172350267 0.758699042803365 0.6652859771451216 0.5960337677117826 0.44324596596385213 0.7435217063806303 0.37636668408571167 0.7622525992543576 0.33633984550386725 0.809653883352561 0.33470181218512557 0.8502392675965165
5 0.5753903768347547 0.9672922474851446 0.6075817994421998 0.9661477096924667 0.6494591110202481 0.924131653207664 0.6437552238906542 0.8570262084178335 0.7190833603422166 0.7093034622026355 0.7263465074202771 0.6469510045933873 0.6213559100925431 0.8402845334470644 0.5637289931954214 0.8859415643877954 0.5562996547421505 0.9302878661606376 0.5753903768347547 0.9672922474851446
5 0.44434933405384613 0.8745439473277432 0.45469998852529114 0.9056970519812415 0.49782805773474825 0.9188577240325622 0.5495437264243819 0.8869199108052627 0.5568068735024423 0.8245674531960144 0.6796099888229156 0.6789487893571662 0.6939888934376213 0.6300893865496595 0.6476584523613883 0.660176726780755 0.5421692809080229 0.7994917881252148 0.46949869389535326 0.8219835985278291 0.44434933405384613 0.8745439473277432
5 0.2352799231153233 0.7402507183427147 0.22252532858513127 0.7814683430194884 0.25754557060624755 0.7998942996112507 0.31672310281717564 0.7845182467452819 0.3565700267895816 0.7520544129238951 0.3685124662775167 0.7146576773124877 0.6245806498282073 0.6043540345775854 0.6374414641971302 0.5861217158294896 0.6269108951162468 0.5699060614528081 0.5981942555895191 0.5687940487281538 0.3653975124156762 0.6870393272761864 0.28329464581254954 0.697542449888614 0.2352799231153233 0.7402507183427147
5 0.1587732112385842 0.381544550621218 0.33365690306713586 0.3009084473620548 0.612064428879458 0.21232562969019364 0.6223225867464 0.18754982230179137 0.6060606840674668 0.17011593536172454 0.3240584321014683 0.27091360373546236 0.24069108463270475 0.2591836039249892 0.12793368750171125 0.3340558485180792 0.1587732112385842 0.381544550621218
5 0.17871217947656146 0.1891019501800728 0.14778523773475313 0.21247961039565139 0.15575939861590699 0.25011623215297674 0.17045696274680583 0.2702127471315042 0.3666416788830423 0.20209135225661515 0.5970944535346178 0.15123765294658237 0.6252388241650065 0.13625395436751414 0.6266369713378301 0.11558517049264769 0.32513791975809897 0.18128890207456178 0.27784285549862653 0.16424736942139545 0.3325672582113698 0.13694260030171942 0.660932476321625 0.06696565383105897 0.6630228354637466 0.05243428107537067 0.34792450924354296 0.10226846426525213 0.24573885089611675 0.09452554489535592 0.1632161835376337 0.1398827181536893 0.17871217947656146 0.1891019501800728
5 0.8079660356964753 0.9628152375535965 0.8299729952076861 0.948523750943826 0.8371161992127873 0.8961295935191224 0.8004853703413854 0.8524018089448704 0.7833925107863996 0.7449371428227746 0.7671306081074667 0.7275032558827077 0.7835775039954058 0.8567949669065758 0.7626551107403935 0.9082570262160636 0.7839424118138505 0.9537153407135603 0.8079660356964753 0.9628152375535965
5 0.027087717355104447 0.7239527245606654 0.10502358890821575 0.7095687413463919 0.4230655990154818 0.542551477995788 0.20324961328352095 0.6326061376111802 0.11228673598627607 0.6472162837371438 0.04354325787770397 0.6935055551106929 0.027087717355104447 0.7239527245606654
5 0.39476876024411056 0.506585414625228 0.3988295354553949 0.48748096929839574 0.08057508567066679 0.6085276207916437 0.0158186880026716 0.6736352030438555 0.34114264702179364 0.5381171503313988 0.39476876024411056 0.506585414625228
5 0.017576664394372294 0.6230915186153556 0.38470424022083505 0.48348016562359086 0.41597728794729233 0.46317121096760144 0.41581109657208176 0.4451650551311956 0.06003996810298727 0.5642275673210528 0 0.6159098920207124 0 0.6184717390347407 0.017576664394372294 0.6230915186153556
5 0.4125761996372822 0.4275050052794388 0.427061324090719 0.4016309084006101 0.40888897687910275 0.3837909439394148 0.034465728906556074 0.5248466924062548 0 0.5482219139688994 0 0.5837527917479831 0.4125761996372822 0.4275050052794388