5 0.7282941215282364 0.2762944899635452 0.7473009782966826 0.2828593438035035 0.760086833600885 0.2766383423392596 0.7365735414680576 0.1320402375471062 0.761132478064154 0.08011171197556162 0.7452989091656086 0.03530547494113723 0.7140753712368934 0.010070573040384011 0.6832977810659076 0.032355160950100895 0.6752554223410767 0.09922066412602319 0.7138312663538399 0.13803356935377686 0.7282941215282364 0.2762944899635452
5 0.47203366808315367 0.2401666628395857 0.4356136421492745 0.15734201648955998 0.38640071724313 0.1313126186766543 0.3470256815395058 0.14420526514158039 0.3472463075290163 0.18482309240444086 0.38559448188420603 0.2335924174422101 0.45177932397676246 0.2546459532394623 0.6685368195533086 0.40979313087910774 0.47203366808315367 0.2401666628395857
5 0.7313371393438706 0.3610378931774642 0.7262544861674936 0.29846993882318407 0.6561276870757808 0.1482082672639485 0.6641700458006116 0.08134276408802635 0.6237845839740331 0.037890805552270646 0.5916527153043788 0.0356235005339542 0.5712821884798467 0.071939083196464 0.5771593375683763 0.11651765057331502 0.6331577423039896 0.16415801888063478 0.7313371393438706 0.3610378931774642
5 0.65315858996991 0.3450740542246522 0.6984107747620638 0.3767599751365771 0.6857457979547111 0.3274285196229373 0.5680995090525284 0.17761279582143136 0.5630168558761511 0.11504484146715117 0.5124473045819837 0.0813216330838376 0.4688862069961499 0.09296914010017314 0.4574546301906162 0.12374203449245033 0.4807543400019959 0.1771480649488674 0.5525957051935715 0.20216234086011017 0.65315858996991 0.3450740542246522
5 0.29032078893762947 0.29501497984056063 0.37200708699978835 0.30837705295675927 0.6005353159788739 0.4346747888467294 0.6292732707891167 0.43456564979665135 0.6403633431082906 0.4187273851193975 0.6281466619480215 0.4000573370586025 0.3760840098319199 0.2808842375951069 0.36545397260660156 0.24309349793707896 0.3267642937650517 0.20925880261433302 0.2681594274141165 0.19182685033406574 0.23251746216690958 0.20901939350998816 0.24382581258623945 0.25065703845322007 0.29032078893762947 0.29501497984056063
5 0.6113437171853253 0.8165288382048737 0.601956471519243 0.7914101190222612 0.3268100398025636 0.6931649810804595 0.15484704181367037 0.6064746463303956 0.12236897287894732 0.6528581357423533 0.23244467759692614 0.7316199465963731 0.31617061101982796 0.7228065708529329 0.5944832869383456 0.8333845726731445 0.6113437171853253 0.8165288382048737
5 0.16263825198738477 0.7181463865407421 0.14724828295721473 0.7377177216744132 0.137965480562502 0.7750531220172944 0.16805771387141344 0.7994958758952495 0.15085343124871947 0.8481443224361692 0.23174288550937164 0.8963538648874223 0.33413651910371406 0.8921818903413385 0.6473037080253492 0.9529824888901809 0.6457217598691072 0.9383870157721631 0.31999873319019745 0.8569929165199239 0.2662605898048376 0.827794926615826 0.3141215841016678 0.8124143491430729 0.6131439434417233 0.8886002209433768 0.6124679781370661 0.8678952333005476 0.5848636758359815 0.8519384380157984 0.35632605529947875 0.7930730315563295 0.16263825198738477 0.7181463865407421
5 0.7749076284871217 0.2819580567306274 0.7917680587341014 0.26510232226235636 0.8126009685418432 0.1582996529069395 0.8507355605755853 0.11587690360897245 0.8454252377416349 0.06326536906470785 0.8239304499653617 0.048214556631543504 0.7996038788055475 0.05647049767782186 0.7767430730838344 0.10115820410475096 0.7958567210130044 0.1533190951125775 0.7749076284871217 0.2819580567306274
5 0.050574565474457725 0.290682212678604 0.11766069463989037 0.3393423986662952 0.2080582730634743 0.35711820332227684 0.4245974905398642 0.45478947134143655 0.11257804146351316 0.276774444312015 0.03519164011235065 0.2596793007393991 0.050574565474457725 0.290682212678604
5 0.08461814733994258 0.37690077288804114 0.3984542578981719 0.5089806061525888 0.3950626919281146 0.48974607972656903 0.3425696879913453 0.45636202794026126 0.022173419371866277 0.30957288672890937 0.08461814733994258 0.37690077288804114
5 0.022166375703803358 0.3601471338017853 0.002139701254985582 0.3646700043916463 0.06254948964102755 0.42045717469516636 0.4139486701997114 0.5518633905444111 0.4147431661118638 0.533874003566982 0.38419794137716 0.5124860069514326 0.022166375703803358 0.3601471338017853
5 0 0.4329059651319673 0.03561645686589132 0.4589215317684971 0.40488884168386347 0.6129585357925273 0.42367272457344496 0.5957636447272507 0.4100994170251531 0.5693997860960479 0 0.3974955793292825 0 0.4329059651319673