1 0.8725004305389312 0.9369538195621496 0.8861908430636998 0.944794839998527 0.920362020545633 0.8490089924482547 0.9538275435536588 0.6249232055868054 0.9291649431322477 0.5898999914964418 0.9013031933212299 0.6057074726974865 0.8675972079324641 0.8455380205958356 0.8725004305389312 0.9369538195621496
1 0.7926579754211099 0.9296773332303537 0.8044142706241176 0.9372465312039184 0.8405195654278117 0.8417325061164587 0.8747691957422028 0.5980337235745878 0.844063780974769 0.5779398031326861 0.820070265807273 0.5942909292593561 0.7874515702697578 0.8263850078706616 0.7926579754211099 0.9296773332303537
1 0.7152932825506746 0.9188044347178487 0.7314614573228295 0.9230490429735168 0.7656326348047627 0.8272631954232444 0.7968608579461425 0.5910290597056045 0.7656117982530832 0.5748033739072246 0.7440960453329735 0.5875580878531853 0.7106305223249476 0.8116438747146347 0.7152932825506746 0.9188044347178487
1 0.9315957178838017 0.383148069463579 0.9715588290551779 0.16194777854373466 0.9455684764017759 0.1504057947773143 0.9167552953436374 0.35542223088396757 0.9315957178838017 0.383148069463579
1 0.8056376295886043 0.38122437041765783 0.8472316755368562 0.1484193755672482 0.8179167331655579 0.1324655122316809 0.804681094458117 0.14243928138537046 0.7774988481768541 0.3358510135614584 0.7804941044057129 0.3776906784010937 0.8056376295886043 0.38122437041765783
1 0.7037096256808953 0.4398751443392106 0.7212682728491858 0.4482598097012131 0.7532021504644731 0.34032561329475036 0.7795375692752254 0.13890558936880631 0.749678981978302 0.12681996067676068 0.7345092259491 0.13652190736763753 0.7062396898165867 0.33767010883076903 0.7037096256808953 0.4398751443392106
1 0.6384932816666506 0.4267649459600594 0.657986046156702 0.4354214337848747 0.6877453440694883 0.34296017595249895 0.7160148802020017 0.14181197448936747 0.6869404002114434 0.11011335011690049 0.6657278298362186 0.13474459045623915 0.6374582937037053 0.33589279191937066 0.6384932816666506 0.4267649459600594
1 0.5697641874420746 0.32637900572092865 0.5669309407614981 0.4167075148359922 0.5922260572168321 0.42617947004924533 0.6195075928822322 0.3373146243975787 0.6477771290147455 0.1361664229344472 0.6426072930833857 0.10979969666889895 0.6167685317024265 0.10419597609916761 0.5969464337233374 0.13296727354484067 0.5697641874420746 0.32637900572092865
1 0.970544677643912 0.3235354460190657 0.9886469697378277 0.32805187673754654 1 0.2698110142404979 1 0.15470539669829766 0.998333289014945 0.15387676662973354 0.9845540053818785 0.1677187704269448 0.972593817018123 0.2528199325844235 0.970544677643912 0.3235354460190657
1 0.4190546276171686 0.3111151168182326 0.45956138371417 0.08604659125486655 0.4330273861351429 0.07837284213196796 0.403430097770639 0.30300227391904266 0.4190546276171686 0.3111151168182326
1 0.354141466147809 0.3098814448324594 0.39628957529752595 0.19943812609653802 0.4115116332150331 0.09112755607792873 0.40912274207594457 0.0730409440250492 0.35566269326470773 0.06749994361946285 0.332766886224302 0.20234451121709923 0.33851693630127944 0.3017686019332695 0.354141466147809 0.3098814448324594
1 0.3009637633297778 0.06375714930423104 0.26713233761272204 0.24834512234202494 0.2679530141390798 0.30565772575574734 0.2950306566437321 0.30946324023512406 0.33469058527022316 0.07638642292190187 0.3009637633297778 0.06375714930423104
1 0.4780399967929555 0.25629074655501277 0.5087611442287023 0.10085044457503836 0.47944620185740405 0.08489658123947104 0.4585472323029042 0.24763425873019762 0.4780399967929555 0.25629074655501277
1 0.1917121803398875 0.3639739570503424 0.20872718258255268 0.3762268570558668 0.24066106019783998 0.268292660649404 0.2672996615534775 0.07874916311683781 0.23907200903342968 0.055058830494226996 0.22390225300422778 0.06476077718510384 0.19345813716921345 0.28138191722232236 0.1917121803398875 0.3639739570503424
1 0.08161908427195987 0.3544183398667117 0.13577968367373772 0.060265235645579104 0.10422744143579336 0.03216302345382127 0.0833180536054538 0.06867079018653781 0.05861356957157717 0.2584861101819167 0.05493349542049031 0.34080632754712414 0.08161908427195987 0.3544183398667117
1 0.12467674105633215 0.2796046003109239 0.12734266379615317 0.3588720504210475 0.1429671936426828 0.3669848933202374 0.17629154365410568 0.26319075402010905 0.20347378993536847 0.06977902184402111 0.19443571936048692 0.042868650652847506 0.16805331305390242 0.04113316472663797 0.15620814674259698 0.05524699098666184 0.12467674105633215 0.2796046003109239
1 0.40588681295723916 0.7767042173400958 0.4415269156677658 0.5371454919045593 0.4122119732964675 0.521191628568992 0.39123986530198296 0.530078107871431 0.3597084596157182 0.754435717195693 0.37171563547530584 0.8724900648903681 0.40588681295723916 0.7767042173400958
1 0.28205100247623754 0.8579162030478198 0.29241682528310975 0.8613453439150502 0.3224793057407811 0.7807606124760523 0.3630749329460801 0.5340090626790976 0.3290449284607497 0.509503262668049 0.3094632928624007 0.5225297990768223 0.27769142479539577 0.7626321694379841 0.28205100247623754 0.8579162030478198
1 0.2046863096058024 0.8470433045353147 0.21698624973443548 0.8507442678653578 0.2506137822907435 0.7588266549586072 0.28431976767950934 0.5189961070602582 0.25748258755559716 0.4994458315439818 0.23403271731372643 0.5119287230271299 0.20334813909797197 0.744294624101248 0.2046863096058024 0.8470433045353147