1 0.9362689691204616 0.8733022873814335 0.9510174357864477 0.8789051194853194 0.9697837015498083 0.778953004796711 0.9677824682459633 0.5523909246315183 0.9379446676007636 0.5216569851277234 0.9128987770291612 0.5416283879309434 0.9171255317131909 0.7837790016016318 0.9362689691204616 0.8733022873814335
1 0.8562712138694119 0.8786054984248736 0.8690668530057956 0.8842424172600823 0.8897859462987583 0.7842562158401513 0.8854910181520831 0.5381999471102581 0.8520202562982611 0.5231568013059275 0.8308800207858636 0.5430600306465017 0.8349704285446021 0.7773993341987808 0.8562712138694119 0.8786054984248736
1 0.7781581126853189 0.8799689676777864 0.7947912334182614 0.8816320579911447 0.813557499181622 0.7816799433025367 0.8074460904306356 0.5434690714223755 0.7740435020394594 0.5323315806772495 0.7547879205940186 0.5482950682272963 0.7567891538978634 0.7748571483924891 0.7781581126853189 0.8799689676777864
1 0.9080023891622361 0.31707026539233707 0.9128701389433223 0.09234170919711682 0.8853942066035984 0.08500761331722702 0.8890074001238173 0.2920073314550736 0.9080023891622361 0.31707026539233707
1 0.7832941211182697 0.3348744364338162 0.7879573505114189 0.09842891506098198 0.7565075896498448 0.08725733758453309 0.7449951448601678 0.099178823150084 0.7484038179924497 0.29446157611031665 0.7579073632334394 0.3353175639410128 0.7832941211182697 0.3348744364338162
1 0.6917960225211035 0.40874817476693615 0.710450144246294 0.4142828334081764 0.725106234562513 0.30268192700459984 0.7196083869753375 0.09962195065728063 0.6882267995764091 0.09235602824003646 0.6747615272571297 0.1043116005369101 0.6783065473147029 0.3074056636155521 0.6917960225211035 0.40874817476693615
1 0.6253317130519787 0.4060014685727074 0.6459386623067715 0.41150204048262473 0.6608674464735732 0.31552375431586677 0.657322426416 0.11242969123722482 0.623647144174241 0.08566958025528022 0.6065489106463395 0.11331594625161819 0.6100939307039127 0.31641000933026014 0.6253317130519787 0.4060014685727074
1 0.5417449671678313 0.31760304492655883 0.5530770944566926 0.40726267763165164 0.5795425263002925 0.41266098934760065 0.5925866564001374 0.32062244497137005 0.5890416363425642 0.1175283818927281 0.5798107849521571 0.09229501429885056 0.5534135265712028 0.09080235764210629 0.5383362940355493 0.12232029196632613 0.5417449671678313 0.31760304492655883
1 0.955732301999964 0.25372761616199213 0.961622653720735 0.08758388585484181 0.9380523764402156 0.08018161651230624 0.9266081051131841 0.09600875713706176 0.9281079212913882 0.18193316843956414 0.9371463537374192 0.25209861257995664 0.955732301999964 0.25372761616199213
1 0.3905030938176195 0.32610324919288425 0.39530267013606 0.09746903793845937 0.3678949112589819 0.0940405971177741 0.3738017996220312 0.3205345038203212 0.3905030938176195 0.32610324919288425
1 0.32619613226603394 0.3350394214449466 0.350548186767619 0.2193624263255513 0.3486393298135411 0.11000408466782101 0.34345048040762993 0.09251385372970704 0.2897818100748888 0.09540406637068691 0.28826222620828146 0.23217016690549547 0.30949483807044575 0.3294706760723837 0.32619613226603394 0.3350394214449466
1 0.23517081270866927 0.10026414990693056 0.23063182879725058 0.2878719396740451 0.24040806788882288 0.34435054774155993 0.26774765330325545 0.3438733335030405 0.27045805516680244 0.10746189886152906 0.23517081270866927 0.10026414990693056
1 0.4401858341849497 0.26272651323121654 0.4462125328310118 0.10439409304247538 0.41476277196943767 0.0932225155660265 0.4195788849301568 0.25722594132129906 0.4401858341849497 0.26272651323121654
1 0.17422855371384127 0.4138755035082786 0.19295084890167744 0.42331581720872347 0.20760693921789652 0.3117149108051469 0.2042664395482602 0.12033781290411891 0.1726803317613948 0.10135492530926075 0.15921505944211548 0.1133104976061345 0.16303277335027125 0.3320271809215951 0.17422855371384127 0.4138755035082786
1 0.06399605848527826 0.42165988641682495 0.071474167535302 0.12265571063407066 0.03591423122658627 0.09983534144265346 0.020973345616224104 0.13916458588528252 0.026266672815462667 0.3305075970549877 0.0355096256494304 0.4123900063729942 0.06399605848527826 0.42165988641682495
1 0.09482015673948102 0.34103152663630304 0.10985341869961014 0.4189060207011363 0.12655471289519835 0.42447476607369933 0.14323180420366538 0.31674542799800465 0.13982313107138344 0.121462675037772 0.12668662462177166 0.09629748090653996 0.1003575397034631 0.09871047930900038 0.09086609590603398 0.11450353320243316 0.09482015673948102 0.34103152663630304
1 0.4503315786755893 0.7880200753285809 0.448057651521162 0.5458353749265696 0.4166078906595878 0.5346637974501208 0.3972841357515015 0.546721629940963 0.4012381965849485 0.7732496233748328 0.43156531291222866 0.8879721900171893 0.4503315786755893 0.7880200753285809
1 0.3407247460543977 0.8876043954940979 0.35149938419853327 0.8893697460014248 0.3685855162828741 0.805074338280958 0.3700808972623602 0.5550101542978917 0.3326363068866879 0.536129526897002 0.3153335529708494 0.552058927715726 0.3215131351844814 0.7941754546550917 0.3407247460543977 0.8876043954940979
1 0.2626116448703046 0.8889678647470107 0.2753391105440425 0.8906991285230148 0.2941735497700488 0.7946526688936111 0.28994679508601917 0.5525020552229226 0.26038168829140174 0.5373907359559463 0.2391732793163587 0.553388310237316 0.24521651460469934 0.7876935270582723 0.2626116448703046 0.8889678647470107