1 0.0703125 0.119140625 0.0556640625 0.11328125 0.03515625 0.212890625 0.033203125 0.439453125 0.0625 0.470703125 0.087890625 0.451171875 0.087890625 0.208984375 0.0703125 0.119140625
1 0.150390625 0.115234375 0.1376953125 0.109375 0.115234375 0.208984375 0.115234375 0.455078125 0.1484375 0.470703125 0.169921875 0.451171875 0.169921875 0.216796875 0.150390625 0.115234375
1 0.228515625 0.115234375 0.2119140625 0.11328125 0.19140625 0.212890625 0.193359375 0.451171875 0.2265625 0.462890625 0.24609375 0.447265625 0.248046875 0.220703125 0.228515625 0.115234375
1 0.080078125 0.900390625 0.107421875 0.908203125 0.107421875 0.701171875 0.0888671875 0.67578125 0.080078125 0.900390625
1 0.2392578125 0.66015625 0.2138671875 0.66015625 0.205078125 0.896484375 0.236328125 0.908203125 0.248046875 0.896484375 0.248046875 0.701171875 0.2392578125 0.66015625
1 0.306640625 0.587890625 0.2880859375 0.58203125 0.271484375 0.693359375 0.2734375 0.896484375 0.3046875 0.904296875 0.318359375 0.892578125 0.318359375 0.689453125 0.306640625 0.587890625
1 0.373046875 0.591796875 0.3525390625 0.5859375 0.3359375 0.681640625 0.3359375 0.884765625 0.369140625 0.912109375 0.38671875 0.884765625 0.38671875 0.681640625 0.373046875 0.591796875
1 0.4453125 0.591796875 0.4189453125 0.5859375 0.404296875 0.677734375 0.404296875 0.880859375 0.4130859375 0.90625 0.439453125 0.908203125 0.455078125 0.876953125 0.455078125 0.681640625 0.4453125 0.591796875
1 0.05859375 0.740234375 0.0400390625 0.73828125 0.03125 0.904296875 0.0546875 0.912109375 0.06640625 0.896484375 0.06640625 0.810546875 0.05859375 0.740234375
1 0.59765625 0.904296875 0.625 0.908203125 0.623046875 0.681640625 0.6064453125 0.67578125 0.59765625 0.904296875
1 0.6708984375 0.66796875 0.64453125 0.783203125 0.64453125 0.892578125 0.6494140625 0.91015625 0.703125 0.908203125 0.70703125 0.771484375 0.6875 0.673828125 0.6708984375 0.66796875
1 0.7294921875 0.66015625 0.72265625 0.896484375 0.7578125 0.904296875 0.765625 0.716796875 0.7568359375 0.66015625 0.7294921875 0.66015625
1 0.546875 0.896484375 0.578125 0.908203125 0.576171875 0.744140625 0.5556640625 0.73828125 0.546875 0.896484375
1 0.82421875 0.591796875 0.8056640625 0.58203125 0.7890625 0.693359375 0.7890625 0.884765625 0.8203125 0.904296875 0.833984375 0.892578125 0.833984375 0.673828125 0.82421875 0.591796875
1 0.962890625 0.595703125 0.9345703125 0.5859375 0.921875 0.884765625 0.95703125 0.908203125 0.97265625 0.869140625 0.970703125 0.677734375 0.962890625 0.595703125
1 0.888671875 0.587890625 0.8720703125 0.58203125 0.853515625 0.689453125 0.853515625 0.884765625 0.8662109375 0.91015625 0.892578125 0.908203125 0.90234375 0.892578125 0.90234375 0.666015625 0.888671875 0.587890625
1 0.5751953125 0.11328125 0.5546875 0.212890625 0.552734375 0.455078125 0.583984375 0.466796875 0.603515625 0.455078125 0.603515625 0.228515625 0.5751953125 0.11328125
1 0.666015625 0.115234375 0.6552734375 0.11328125 0.63671875 0.197265625 0.630859375 0.447265625 0.66796875 0.466796875 0.685546875 0.451171875 0.68359375 0.208984375 0.666015625 0.115234375
1 0.744140625 0.115234375 0.7314453125 0.11328125 0.7109375 0.208984375 0.7109375 0.451171875 0.740234375 0.466796875 0.76171875 0.451171875 0.759765625 0.216796875 0.744140625 0.115234375